version https://git-lfs.github.com/spec/v1
oid sha256:2c97a00e393fb9c29f404875931d83c8596ad616f5b352909aafedc2b249ff1e
size 5232
