version https://git-lfs.github.com/spec/v1
oid sha256:11b8356af67ce831d6c753eaf2d8562b9e555982f685c74e0a453075e8ddc19f
size 14921
