version https://git-lfs.github.com/spec/v1
oid sha256:b1d815f30e8e0087addbec67660bb2ca18a40b971b810e389491cc6f662e54bc
size 14559
